12981455492
12997789270
12991003183
12981288717
12988108053
12982299294
12981213151
12981745955
12981240759
12996754738
12996272233
12982816642
12988582998
12996790421
12988578027
12981731374
12982073887
12981481768
12991534626
12988409210
12988206535
12981947311
12987073037
12991233483
12997395864
12988134341
12997117894
12981240709
12987013336
12988615501
12996187007
12988434234
12991535938
12981660465
12983202182
12981565973
12991340040
12988999057
12988148912
12982973475
12983071091
12996321743
12981466191
12988722074
12981252729
12988710087
12981575343
12996319415
12997789270
